# The coordinates of particles after 10 iterations: 
4.788336       7.445837       -5.82356
-2.93956       1.337727       8.391467
-9.20416       1.858837       5.582937
-5.50536       -7.08096       4.492036
8.195138       -5.48036       -5.63346
-2.09383       -3.51771       3.984037
-6.73036       2.683937       -8.10356
-5.57596       0.468897       8.943097
2.691067       -1.86456       -0.33268
8.394136       -7.21276       -7.68806
8.562637       -2.03296       -5.67236
8.721337       -6.06040       -1.18636
-0.08346       -0.49968       5.785536
5.835937       -8.65770       -0.04896
7.890238       1.582534       7.911757
7.144177       -7.11642       -3.65960
1.462737       -8.58326       -5.59060
-7.66687       2.796638       2.999637
4.597537       -5.58066       6.534236
4.446136       -7.80989       -2.63175
3.450437       0.284437       -5.46616
-3.51518       -0.86986       -1.26116
6.359837       5.358707       -9.11398
5.187736       -3.26056       -0.33136
-6.98896       -3.91691       7.210748
5.609927       1.543837       -4.19996
1.765107       -5.74866       2.932636
7.991337       -2.14435       9.065238
-8.71284       3.273437       -0.61816
-6.82966       7.235597       0.973136
-4.17596       -2.12016       1.004536
-0.93337       4.945436       -5.13886
-5.21376       4.615627       5.566347
2.198737       8.944937       2.308827
-4.00966       8.467238       1.323638
-9.31487       2.730537       -3.31209
-3.19975       -7.71996       -1.74856
0.034036       -8.06186       3.335187
-2.78445       6.319637       8.688297
6.616837       -9.24406       -5.37866
4.378736       -6.08216       -5.06166
-7.23275       1.145538       -4.02186
4.846147       -1.72906       -2.35536
1.265127       4.101139       -3.76789
-2.18156       -8.27288       1.545236
3.439336       3.634937       -0.34386
-5.20046       1.127507       -1.70657
-0.40876       2.709067       8.662038
-4.78746       -6.59947       -7.71486
2.990737       7.480917       -8.03686
3.481037       7.408378       6.084127
-1.30750       -2.60076       9.284039
7.274407       -8.67286       5.830537
3.636735       0.333867       4.396736
7.403917       2.561839       3.564936
4.128036       4.880037       6.484936
-3.75936       -5.91696       1.201936
7.241977       7.600678       7.254738
-8.97416       -4.79926       4.408538
3.285507       5.179547       9.216639
-1.83786       3.630936       -7.36346
-5.99866       -2.39036       -1.99676
1.895337       -5.01246       -4.63754
1.865436       -5.25784       6.629537
8.772838       -4.50076       1.295336
-0.71776       -9.10506       8.709437
7.102006       8.042237       -8.58666
-5.45736       -8.24276       -0.24176
-8.77266       -5.16306       -3.55916
7.592407       5.331037       -0.29276
7.074836       4.889217       6.856317
4.708117       2.490638       8.128117
4.075357       6.603207       -1.21633
-0.20166       6.984836       8.750507
7.101847       -2.35436       1.265537
7.730137       -6.25701       3.178039
7.745235       0.488235       -6.95315
-8.80736       0.081467       -8.84594
5.098739       4.758136       -6.61986
8.876736       -8.29679       1.712937
-4.02205       -1.35813       -7.67486
3.405738       6.604837       1.644737
5.814737       -8.21836       -7.67741
2.818937       3.180637       -5.75836
-1.37379       -7.11149       -8.08076
-5.31426       -2.32976       8.741338
-2.11046       0.776587       -7.75112
4.346037       8.679638       8.696438
-1.47886       -2.51446       -4.21826
-8.09743       -2.59811       -4.08496
9.167036       1.317136       1.651637
-3.40640       6.213637       2.788639
2.486438       2.018535       6.363047
1.333537       6.346538       -1.71546
6.056037       -3.51795       -6.33276
0.782134       6.712357       6.281907
3.355717       -2.71256       7.071147
0.894035       1.957937       0.882636
0.540137       5.747536       -7.57986
-4.46219       -5.66176       7.346336
0.158727       -6.97186       -4.08036
7.559439       -3.46078       6.174636
7.178457       3.477047       -5.11316
-8.61436       -3.23376       -7.68212
5.549536       7.145135       3.128927
9.133957       -1.40613       2.594337
-5.35846       -2.59536       -5.57521
-2.88256       8.836638       -3.97624
1.389377       -5.66616       -0.03716
-6.16364       -4.21845       -7.34409
-6.74546       5.712638       -2.89416
-3.73326       5.357836       -1.80804
0.144527       7.162457       0.439887
1.579136       -7.92915       7.463788
6.098036       5.161035       -2.75675
0.545635       -3.27623       0.845277
-5.38196       -7.91854       8.686738
3.040737       2.386187       -2.66992
-1.15502       -5.97231       -1.88706
-2.03565       -3.80226       1.177917
1.717636       0.455837       -1.25727
4.351236       -5.91256       -8.01866
-8.83669       8.506337       7.574938
4.182987       3.800777       3.446636
6.624717       -0.73338       6.358937
-9.29056       -1.24966       5.429338
-5.77186       5.600036       -5.76169
-8.12686       4.741667       9.198427
-7.50376       7.331527       5.034036
-6.68312       0.023036       6.005657
-4.71056       -8.07121       -5.38706
-3.12016       1.469536       3.568838
2.377987       -7.99646       -7.99156
-5.55130       1.955336       4.520536
-2.20656       5.149337       0.555435
-0.24646       -3.59709       -1.98829
6.199838       -4.94396       8.731467
1.448738       4.411035       2.194137
-3.81407       1.432737       -4.19496
-3.57286       3.831537       7.615137
-9.29071       4.984457       3.593617
-3.40526       -4.21066       -9.10186
-6.72175       -7.11346       -2.36616
7.015287       8.070538       -1.78206
5.293336       -2.35446       -9.30106
8.613137       8.599527       3.797977
-6.57299       -0.78953       0.702527
-8.36846       8.005217       -3.00056
-4.78796       2.957007       -6.31076
-6.33432       -4.66516       3.965147
2.116127       -2.59944       -3.32386
6.486637       0.391237       -1.45746
-1.61826       -8.24586       5.363277
5.749236       1.879536       5.527536
-1.45776       0.255737       -4.15786
-8.82576       2.693767       -6.37916
-9.16227       5.606935       -6.65956
-8.58756       7.826247       -8.38390
0.631747       0.904136       -7.30146
-3.36566       6.095832       -4.24716
-6.50946       6.248436       7.515137
1.908538       0.574367       8.898357
5.648337       2.291936       0.251438
1.011337       -0.63363       -4.90655
7.367508       2.704697       -8.44636
0.909439       4.038207       5.176736
5.653917       -4.15336       -3.58766
3.073738       8.832737       -3.90826
-0.90896       9.213038       -0.76106
-5.24418       2.626936       0.883437
-5.49656       9.194087       6.089536
-0.90645       0.046436       -1.50251
-5.89330       8.125147       -8.99006
-5.54326       -2.39266       5.374136
-2.54096       -4.34776       -6.17246
5.427937       -0.96755       -6.86872
6.881837       4.918057       2.200467
2.877837       -7.93026       -0.31876
-8.28516       -6.70336       8.991539
-6.40341       4.828637       -0.37086
0.453397       -1.22806       3.085538
0.019437       -5.10406       -6.54816
8.158737       7.184837       -4.58856
1.272736       -8.81916       -2.29018
8.938738       -6.61186       6.754186
-7.67236       -6.11616       -6.06220
1.439737       3.470936       -8.17136
4.044036       -9.28916       4.351937
0.501287       -3.79926       4.914736
-2.70706       -1.27786       7.325857
1.554707       -2.10586       8.890767
4.870757       -1.06476       1.962397
3.325657       1.576236       2.089536
-7.13261       -8.69846       -4.43306
-1.65286       5.944436       4.993837
-6.87316       -0.38389       -6.78362
-3.64976       -1.07786       3.781238
4.230638       -2.35466       4.480897
-8.44516       4.616587       6.112297
-7.12176       -3.61916       1.549627
-4.44532       -5.24056       -4.27596
-3.43136       7.545738       6.323247
5.295747       -7.03316       4.397437
4.425207       -5.32276       2.384137
9.275007       8.530738       -0.54256
-3.11066       -6.16120       5.053935
-6.12807       5.636035       3.336637
-2.67489       2.361837       1.189037
5.629337       -5.82955       -0.02796
-6.65978       -7.15915       1.836736
-1.39626       9.013739       -6.75221
2.113038       -4.39682       -8.19126
-3.58303       7.296467       -7.36652
-1.23756       0.138738       1.321407
-0.92936       1.949840       5.036967
-4.68915       -4.76856       -1.63956
