# Argon coordinates (365 Ar) a = 26 A.
#      x          y           z       (Step 1)
    0.30703   -1.53994   -2.46917
    5.07812   -1.74232    9.52520
   11.58377  -11.17888   11.23615
   -8.11959   -9.66795    5.79024
   -4.86795    1.98807   -4.67370
    9.66541    9.98441   -6.18090
  -11.42681   -3.46867   -0.65711
    8.62612    6.76562   -7.77014
   -0.92195   -9.47400    3.49121
   12.59033    7.60129   -5.29836
  -12.68203    0.31025   12.19293
    1.16807    5.54951  -10.99067
   11.53420   -6.62015   12.07183
   -5.52057    4.85035   11.73423
   -6.17711   -8.89497   -1.07528
  -11.45133    9.23430  -12.76147
    3.66612  -11.69724    0.59179
    2.13726    3.86615    1.70177
   10.81944   -5.24889    5.33466
    2.26945   -1.17953    3.88279
   -5.52021    2.67670  -11.53666
   -5.91575    1.41784   11.22510
   -3.90546   10.22080   12.66114
    1.87972   -7.71789   -0.00697
  -10.83592   -8.23735  -10.49316
  -11.94838   -2.31821   -3.87383
  -11.40821   -4.79249   -7.63468
   12.26321   -3.23573   12.65734
   -3.10809  -11.18673   -7.13492
   11.76515    1.28377    5.91431
   12.99342   11.73511   -5.79580
    2.78382    0.28417    0.08207
  -11.40123    4.94383   11.20380
  -12.52981  -12.48902    4.79642
   -5.90441   -5.07673   -2.53823
    5.56304   -5.35367  -12.68032
    4.63864   -7.24597    7.21304
   -7.16986    9.05728    5.80840
    5.49400    8.62516    8.65044
   -6.69678   -9.06422    2.33960
    3.57769    7.61515    3.51841
   -7.83573   -6.09460   -9.68781
    9.21255   -8.37176    1.72992
   11.56895   -1.82927   -1.20522
    0.99509    2.17018    4.93052
  -10.77767    9.29336    0.30377
    9.22592   11.33558    0.72298
   -2.28696   -4.82368   -4.97777
   -4.77169   -2.50427   -9.05955
    6.97117    9.15051   -3.69457
    9.51683    6.53110   -4.36010
    6.38319    2.61808   12.31889
    2.95792   -8.46162   10.72327
   -9.28753    2.30783   12.58193
    7.67192  -12.98331    5.64407
    7.09250  -12.66284   -6.40312
   -4.05953  -11.22829    1.63342
   -8.55302    6.99171   -5.02635
  -10.72840    9.08169    4.19997
  -10.12235   10.20084    9.28701
    8.17547   12.93999    9.99396
   -1.68975    0.18821   -5.20522
   -5.06914    4.23037    3.71194
    8.06965    5.31413  -12.61070
   -5.15240  -11.96989  -11.84841
    4.95160   -8.41862    1.40297
  -11.31950   10.36022   -9.32904
   -8.68298    4.46165    8.72799
   -1.35951   -7.58933   -8.34179
   -8.56086   -8.33880   -6.54299
   -9.43541    5.31318  -11.76443
   -3.98117    7.38954    5.96027
    0.19690    1.62477  -11.93785
  -12.76147    6.48880   -9.36184
    8.93134    3.34086   -3.34741
  -10.23786  -11.48456   -4.72037
   -2.63693    7.39869    1.99660
    3.11291   -8.34855   -6.24700
  -12.36841   -9.02221   -6.31282
   10.33760    1.94807   -0.06804
  -10.93952    9.52087   -3.28279
   -7.21529   11.75293   11.21503
    6.36662    9.45453   -8.28498
   -6.06256   -1.86536   -5.52779
   -5.91699    6.56481  -10.91021
   -7.84340  -10.84767   11.59822
   -9.64674    2.60599   -9.16995
  -12.21944    2.26298    8.80954
    6.17918  -11.48413   12.26394
  -11.73195   -3.28490    5.46775
   -1.64334    3.86123    2.03368
   -4.87616   11.82878   -8.68913
    5.58367   -9.66235   -2.09953
    3.32574   -2.33808   12.47218
    6.07506    5.86458   -1.83112
   -1.51528   -7.19183  -11.72040
    7.99680  -10.19379   -8.59063
   11.50925   -1.56444    3.48879
    8.43961    8.63267   10.50045
   -1.88571    3.97422  -10.20332
   -0.16565  -12.30339    0.31687
  -10.93754    0.12736    5.12685
   -3.15272   12.49261   -1.06412
   -8.66841   -8.38803    9.42466
   12.70050   -9.01806    4.83313
   -7.03351   -6.20986    4.90517
    6.06967   12.31629   -2.24124
   -3.07754   -6.87755    4.82645
   -4.03402   -0.96795  -12.45731
   -8.07766   -5.83784    0.65139
   -0.35859   10.26395    9.78269
   11.83940   -9.15315   -9.33898
    9.33649   -9.35274   -2.24125
    8.73301   -4.43627   11.43688
   10.07153   12.09467   -2.87845
    4.65908   -4.76392    0.27460
   -5.42571   -2.35274    4.19010
    3.31632   -0.32349  -10.55742
   -2.65097    8.57757   -9.32421
   11.09963    7.73357   12.97322
   12.51286    7.06629    4.79760
   -6.04936    7.92417    2.56086
    5.90424    2.48281   -0.31465
   -0.43002   -4.43691    4.14227
   -7.03108   -5.15878    9.21070
  -11.12567    4.74287   -6.33277
   -3.93293   10.32569    8.72717
    2.50140    5.01925   -1.77097
   12.71701    5.45518   -2.21488
   -4.49521    4.47971   -0.18927
    7.82831    5.48147    9.21327
   -1.85403  -12.78560  -11.72571
    5.66142    2.97813   -5.43360
   -1.01605    9.53682    5.18355
   11.17697   -5.24632   -1.32074
   -8.32993    7.68091   11.75684
    3.49391   -5.84850    3.55231
   -0.32611    6.83339    7.75727
    6.81851   -5.92489    4.04307
  -12.58035   -6.02025   -4.08411
   11.48843    6.48137    9.13991
  -11.00297    0.01522   -0.67992
    9.50428  -10.50069  -12.18566
   -4.41017   11.07426    5.13814
    3.60699   12.94754    4.98857
  -10.37470   -6.03024    3.09616
   -1.81244   -4.15849   12.56374
  -11.40616    3.74464    5.71470
   -5.91735  -10.78223    8.84449
    9.67521    0.57964  -11.35138
   -2.23904    6.31811   -2.04731
    8.80574   -0.78212    7.68479
    6.21182    2.85286   -9.34356
   -4.68405   -9.02285   11.61218
   -8.20759    1.92659    5.44170
   12.33339   -9.48005    0.82878
   -6.34896    0.64339   -7.81382
   -2.56096    6.64898  -12.28216
   -2.00507    4.04459    5.52226
   -2.41624    2.19827   12.00774
    2.12364    1.96509   -4.70505
  -10.52973   -3.98808  -11.53486
    2.19498    9.77379    6.64431
    1.42081    5.85626   -5.32800
   -8.60161  -12.83911    4.07899
  -10.65013   12.62515   11.68850
   -5.03317  -11.05473    4.84243
   12.51185    6.96870    1.30640
   -9.26123    0.11865   -5.09082
    1.09502    7.48263    0.64801
   -1.53799   12.81704    7.31228
    1.20073   -5.19177   -6.72166
   -7.32518   -3.39589   12.25230
   -5.79114   -0.42262    7.42215
    5.00897   12.41865    8.48841
   -5.40762    3.16055    7.77989
   -1.75185    3.98989   -4.58535
   -9.02554    7.34507   -8.78758
  -10.69431  -11.70243    8.06128
   -0.36125    1.97014   -1.10132
   -0.56698    9.84280   -1.61134
    9.58630    9.68360    7.01748
   10.23639  -12.17391    3.28580
    8.58369   -6.44063  -11.51072
    0.32725    3.10771    9.35462
   -7.87468   -0.47581  -11.16026
   -3.12244  -12.91172   10.79880
   -0.01722    9.48204  -12.28162
    2.34791   11.72055   -1.50822
   -5.26323   -5.97031   -6.83592
    9.33424    5.02072    1.40041
   11.14143  -12.23986    7.62121
   -7.44082    4.21453   -6.75701
    9.18460   -3.61122    1.60300
    6.01222   -0.13093   -7.03387
    2.73660    1.22566   11.77641
   12.90766   10.12958    6.99393
    3.75830    3.43907  -11.49362
  -11.22695   12.90238    1.20141
    2.85430   10.65303   10.93548
    6.26355   10.72834   11.86737
  -11.19478   -9.66152   11.96648
   -8.26383    3.21285    0.30711
    4.55837   -4.07762   -6.38346
    2.57304   -7.53498   -9.95504
   12.80603   -8.68471    8.49461
  -12.58669   -1.04278  -10.40867
    8.33459   -3.96193   -7.28534
    0.37520    6.40416   11.37856
   -8.74235  -10.64396  -11.09906
    7.64912  -11.51160    0.30452
    8.19992   -2.60955    4.62477
   -8.82363   -1.17026    2.16059
   10.02836   -0.35677   11.12751
    7.62445   -4.32276    8.23319
    0.96752   -6.87865    6.63871
    7.45342   -3.18725   -4.09684
   -2.02264   -1.90466    6.09215
    3.99984    7.49075   12.33203
   -6.05124    7.30809    9.20365
    1.45528  -12.43354    9.25652
   -6.04323   -2.94784    0.38914
   -7.55694    6.56419   -0.87245
    8.50914    8.01023    3.63108
   10.73432  -12.59240   -8.41124
   -5.23310   -9.14583   -9.27027
    5.41287    6.89305   -5.87150
  -11.18782   -6.39874   10.90703
    5.63519   -6.90465   -8.59339
    3.21737   -4.88534    9.64796
   -2.85709    5.09924    9.02273
    3.96234    1.37334    7.07977
   -8.91528    3.59643   -3.54194
  -11.08524  -12.01150   -8.50125
  -11.76690   -7.00545   -0.15903
    3.07948   11.52358   -8.05018
   -9.67363    5.95542    2.00638
   -8.71481   -2.94183   -2.67283
    2.03057   -1.47145   -6.00348
   -2.85351    1.15280    8.58067
   -0.41344   -3.80440    8.40810
    1.29752   -3.89341    0.32696
    9.71214   -2.95014  -11.09735
   10.90813   -3.60676   -4.67587
   -5.09585    8.92808   -1.95791
   -7.24316  -12.62698    0.84220
    1.79641  -10.60068   -2.62372
    3.81936   10.66540  -11.26333
   -4.21735   10.98082   -4.58648
   -1.36201   11.73130   -8.00396
    5.50983   -8.84529  -11.46258
    4.92767    6.80489  -10.16488
    4.49814    1.85213    3.55263
   -6.76370   12.08962    7.53996
   12.40954   -4.78351    2.14406
    0.92732   -0.36675    7.60932
   11.06540    8.95760   -9.57117
   -8.22113   11.80749   -2.32313
  -12.52635    2.43696   -3.78458
    0.35695   12.92601    3.91985
   -7.46080  -11.99679   -7.41244
   -5.19342    1.19193    1.18713
    2.51672   -9.93660    3.73577
   11.94539   10.04916    3.05929
    6.64997   -8.12080   11.44739
    6.13676    5.99077    5.28534
   -9.11450   -6.88353   -2.50988
    5.80697    8.97839    0.69929
    5.77768    9.94691    5.49637
   -8.99632    0.33850    8.84735
   12.82922  -11.79672  -11.29747
    3.47047  -12.33256   -5.34579
    1.28693   -5.88847   12.28104
    4.69778   -2.86466    5.73665
    0.76301    1.14596   -8.28205
   -2.04214    7.97144   -5.57020
    0.67049  -10.55626   -8.29437
  -12.11368    2.84513    2.09493
  -10.63336   -6.41167    6.97547
   -5.46290  -11.22237   -3.64329
   -4.46012   -8.03716   -4.19295
   -3.84215    5.31146   -7.62134
   -9.32901   10.53157   -6.56076
    2.23876  -12.23846  -12.80022
   -8.22749    5.79625    5.14755
   -3.61544   -1.94906   -2.54798
    1.20757    9.27163   -4.74334
   -2.67556   -3.14205    1.25174
   11.98027    9.28926   -1.94672
    6.10964   12.18627    2.50117
   -2.01061   -9.18845   -0.23237
  -12.55389   -0.00319   -6.72517
   -1.90004   -7.10072   10.30151
  -10.27953   -9.59846    2.71400
   11.73746   -4.91374    9.04765
   -4.92723   -5.30109  -11.68275
   -5.81754    8.49705   -6.78205
    5.15945   -0.06174   -3.15625
    7.03077   12.29415  -10.40322
    7.39665    2.05774    6.35136
   -5.21879    5.66356   -4.10716
    3.88138    4.00074   10.19181
    2.51756    4.95149    6.45506
    7.07409   -1.52270   -0.75319
    7.69575    1.08719    2.48190
    5.79387  -10.26734    8.54564
    6.84946   -1.56642   12.68890
   -8.57601   -2.84660    6.12159
    3.75907    8.49622   -2.56309
   -6.62692    0.06653   -2.39505
   -0.64611   -1.62706  -10.54957
   -9.68529  -10.60946   -1.16252
    4.25487  -11.19292   -9.10720
   10.21028   12.07315  -12.66641
   -4.51350   -6.48233    1.18869
    7.63972   -8.24269   -5.11438
   -1.04163   -8.78250   -4.39102
    0.11743    6.67014    3.89971
  -12.53217    3.25376  -11.86541
    5.75603   -3.26158   -9.50955
   10.78693   -6.83844   -6.61767
   -3.58395   -2.32323    9.63926
    3.13055    4.27372   -8.18948
    9.29037   -8.03635    8.97012
    3.53664   -3.03215   -2.92019
   11.96493   10.65401   10.63544
    2.44380   10.55746    1.74484
   -2.43352   -5.55085   -1.82035
    2.09896   -4.02880  -10.08308
   -3.10561    1.04628   -8.58139
   -8.23878   -2.64297   -8.08123
    5.42035   -1.83089    2.42450
   10.34574  -10.29629   -5.65832
   -0.62655  -10.17531   11.65692
   -1.56761   -4.17559   -8.51562
   12.39676   -5.51585  -10.46525
   11.34497    3.90275   -5.93939
   12.82178   -1.18716    8.88892
    9.97589    4.95129    5.78231
   -4.57743   -4.21195    6.97865
   -0.81168  -12.66691   -4.91725
    0.21432  -10.42212    6.54196
   10.37965    4.13539   -9.85011
  -12.46094   12.60306   -2.56956
   12.65709   -9.67653   -2.72380
  -10.64456    7.33469    7.43262
   -2.87130   -9.16919    7.82248
  -10.47689   -2.69753   10.69350
    1.09916   -5.83034   -2.85481
   10.92828    0.11422   -3.99597
    0.60935    8.13740   -8.17314
    7.82207   -9.27058    5.26145
   -0.46900    0.02401    1.74382
    9.84314   -0.59267   -7.54834
   -2.24560   11.25475    2.33081
    4.85062   -6.26969   -3.13940
    8.82682    7.96917   -1.01043
    7.69806    8.87309  -11.64728
   10.81331    3.33523   11.31820
   -8.63344   11.81319  -11.19584
    5.85355    5.25525    2.12524
    7.73824   -6.50378   -0.99628
   -8.14796   -7.21493   12.98652
   -0.58683   -0.79405   10.62095
   -3.13417    0.67420    4.24065
#     x           y          z          (Step 2)
    0.08425   -1.87591   -2.32685
    4.89398   -2.19652   10.22052
   11.77223  -11.64691   11.34032
   -8.57399   -9.18618    6.14618
   -5.05220    2.32416   -4.94704
    9.06961   11.00531   -5.47176
  -12.28992   -2.81282    1.18766
    8.03563    7.22532   -7.19518
    0.22587   -9.18544    2.59166
   11.66290    8.10095   -6.34332
  -12.70319    0.22737  -12.98541
    0.86061    6.19044  -11.59795
   10.84158   -7.94092   12.42643
   -6.18385    3.96978   11.84799
   -7.22253   -8.13596   -1.94842
  -10.20550    8.92880  -11.88546
    3.63590  -11.39657    0.99558
    2.12694    4.01226    2.50468
    9.79318   -5.32452    5.22122
    1.47150   -1.93350    3.87845
   -6.19801    2.58886  -10.93144
   -5.59459    0.51556    9.97832
   -3.63916   11.04124  -12.26223
    2.55394   -7.27802    0.55286
  -11.03090   -7.06667   -9.68986
  -11.34973   -2.18145   -4.31627
  -12.67311   -4.34630   -7.22966
   12.51581   -3.31686   12.12647
   -2.97074  -11.47408   -6.88146
   10.90598    1.11645    6.12740
   12.78790   11.92393   -5.40087
    1.86384    0.45087   -0.45593
  -11.95182    5.40355   10.92247
  -11.89180  -12.49177    4.53804
   -4.80868   -5.28439   -2.97873
    5.14933   -4.97118  -12.45228
    4.95620   -7.29814    6.83636
   -7.29080    9.32817    5.73036
    5.39050    8.13474    8.92769
   -6.67266   -9.63719    1.63068
    3.89474    7.10785    2.88233
   -8.13303   -5.12733   -9.65255
   10.32911   -7.91921    1.74451
   10.68279   -1.49928   -1.15442
    1.57178    1.74454    4.96580
  -10.42385    9.78714   -0.67513
    8.76744   10.99004    1.02399
   -1.71938   -4.29091   -4.90256
   -5.76174   -2.54713   -9.78471
    4.48209   10.98307   -4.10862
    9.04027    6.95252   -3.55445
    7.60392    2.38004   11.05130
    3.71378   -9.20278   10.38427
   -9.19472    1.21718   12.40600
    7.57722   12.38484    5.93336
    6.84635  -12.43619   -6.39777
   -3.09788  -11.07319    1.62950
   -8.44439    7.53857   -5.16766
  -10.48311    9.77080    3.81490
   -9.69449   10.40704    8.71367
    9.17957   12.24221    9.30185
   -1.95159   -0.72207   -5.70961
   -4.88961    4.57840    3.07741
    7.47807    5.74700   11.79399
   -5.20539  -12.10728  -11.20820
    6.03803   -8.16250    1.28079
  -12.14226   10.20925   -9.00070
   -8.75459    3.88819    9.40162
   -2.16268   -7.79008   -7.29170
   -8.15545   -8.22210   -7.39930
   -9.73020    5.39170  -12.05763
   -3.38663    6.68265    5.65744
    0.40961    2.57945  -11.31074
  -12.13889    6.12031   -8.76278
    7.42508    3.65302   -3.56208
  -10.08842  -11.95317   -4.68952
   -2.61686    7.49611    1.38966
    3.44144   -8.53759   -5.65703
  -12.22718   -9.28808   -6.94576
   11.10847    3.43636   -0.85533
  -10.98407    9.67637   -4.03143
   -6.61912   10.60815   11.02598
    6.14409   10.34106   -7.97241
   -5.38194   -2.25966   -5.56655
   -5.99837    7.34174  -10.81822
   -7.81036  -11.32150   12.13853
   -9.66126    1.81314   -9.47242
  -12.66900    2.61735    9.00002
    5.61689  -11.56693   12.03685
   12.94965   -3.56542    5.81426
   -1.87874    3.90120    0.87604
   -4.68517   11.23961   -8.63629
    6.68124  -10.23400   -1.99309
    2.53211   -1.79151   12.90166
    5.02012    6.05242   -1.93250
   -1.41297   -7.93181  -10.95859
    8.30020   -9.56357   -8.31546
   11.84358   -0.75526    3.26249
    9.59026    8.70216   11.90609
   -3.07313    4.85877  -10.98429
   -0.03724  -11.95866    0.17298
  -11.72126   -0.40641    6.20418
   -4.03178  -12.78293   -2.00115
   -8.94682   -9.18399    9.68730
   12.47193   -9.24324    5.15543
   -6.57158   -4.96716    3.32855
    6.11493   12.50957   -1.48569
   -3.53971   -8.15165    3.51366
   -3.81278   -0.53674  -12.25701
   -8.37129   -5.44450   -0.20520
   -0.85914   10.47962    9.94524
   11.42126   -9.34296  -10.10361
    9.99602   -9.36121   -1.66828
    7.99075   -3.98490   12.06615
    9.73611  -12.85929   -1.43839
    5.31520   -5.04147    0.01597
   -5.57963   -1.36889    3.58275
    3.59259    0.33948   -9.00128
   -2.26857    8.11992   -9.00584
   12.18743    8.28787  -11.35691
  -12.79656    6.57951    4.61206
   -7.41408    8.94037    1.54260
    4.35410    2.42966   -1.66914
   -1.48831   -5.36550    4.34693
   -6.45847   -6.00184    9.59440
  -10.09342    3.98063   -6.73956
   -4.22730   10.04511    7.80796
    1.34772    3.89512   -1.49832
  -11.39162    5.85941   -4.29501
   -5.52895    5.36508   -0.37551
    7.32539    5.37670    7.86244
   -1.93453  -11.44837  -10.41336
    3.97980    4.23879   -5.06787
   -1.60538    9.62500    4.37820
   11.74641   -5.59352   -0.59127
   -8.94636    7.31529   10.67944
    2.10778   -5.41625    3.43295
   -0.04807    7.63530    7.34152
    6.02926   -4.95571    4.35651
  -12.96041   -6.22129   -3.84838
   11.28535    6.45703    9.24979
  -10.90119    0.83991    0.07321
    8.50372  -10.43578  -12.44883
   -4.68420   11.00933    3.68256
    3.57961  -12.47883    5.24501
   -9.97456   -5.43279    3.19408
   -1.72080   -3.56051  -12.82857
  -11.10785    3.01773    5.89380
   -5.34520   -9.54931    8.27556
    9.28401    1.86524  -11.38422
   -1.48301    6.33719   -1.94917
    7.87207   -0.79182    8.26123
    6.23548    2.70199  -10.34003
   -4.71128   -9.42438   12.33275
   -6.71739    1.60289    4.25806
   12.76277  -10.89264    0.76969
   -6.78328    0.65141   -7.87674
   -3.36226    7.64757   11.86494
   -1.20127    3.74338    5.87376
   -2.81763    2.43902   12.28120
    0.83567    1.42385   -4.26695
  -10.12404   -4.62075  -12.45291
    2.34053   10.02782    5.97225
    0.92736    5.72404   -4.87625
   -8.47494   12.96525    4.37652
  -10.03305   11.93869   12.02274
   -5.00760  -11.08018    4.81543
   12.92451    7.45502    0.88008
   -8.88975    0.64887   -5.20785
    0.94516    6.60311    0.53453
   -1.46121   12.94972    7.22017
    1.14975   -6.10488   -6.97274
   -6.80926   -3.42057   12.81596
   -5.24543   -0.80950    6.83143
    5.04143   11.92934    8.21028
   -5.20216    3.12341    7.44713
   -2.03520    3.90645   -4.56967
   -9.00014    7.67087   -9.14405
  -10.05238  -12.41110    7.71768
   -1.80081    1.60056   -1.65373
   -0.69130   10.27233   -1.71616
    9.19187    8.83318    7.36609
   10.52666  -12.23187    3.80901
    8.26395   -6.67544  -10.68446
    1.06440    3.21351    8.24768
   -9.10080   -1.54589  -10.80102
   -3.80530  -12.99559   11.05941
    0.14775   11.22518  -11.81375
    2.39329   12.23565   -1.26773
   -5.55349   -5.79209   -6.75799
   10.43995    3.63927    2.86998
   11.96971  -12.19812    7.64137
   -7.02838    4.87233   -8.19281
    8.61075   -3.26403    1.40800
    6.91803   -1.16935   -7.20140
    2.91499    1.54464   11.05348
   12.96340   10.25215    6.39320
    3.55863    3.66239  -12.29508
  -10.50314   12.53881    1.46811
    2.74796   10.52621   10.68544
    6.41589   10.78974   11.51191
  -11.15122   -9.09915   12.48115
   -8.22433    3.35374    0.69357
    4.00556   -4.78515   -5.67529
    1.72711   -9.57193  -10.58780
  -12.37817   -9.05312    8.69886
  -12.39251   -1.81797  -10.05003
    8.59139   -4.64993   -7.11589
    1.52217    6.95310   10.39516
   -9.17048  -10.46124  -10.28028
    7.90760  -11.29501    1.38654
    7.81251   -1.73220    4.59969
   -9.42619   -1.81418    3.12267
    9.56200   -0.26112   11.77998
    6.94865   -4.64517    8.53753
    1.14635   -6.32898    7.64093
    7.29009   -3.77378   -3.42467
   -1.81331   -1.99797    5.53267
    4.28309    7.32623   12.55815
   -5.86919    6.56565    8.88582
    1.34779  -12.66488    9.19654
   -6.17222   -2.88413    0.29907
   -9.08882    6.44421   -0.88178
    9.88271    8.24449    3.85442
   10.58355  -12.78610   -8.53886
   -4.82641   -9.17315   -9.51296
    4.28594    7.55773   -6.16982
  -11.78400   -6.12111   10.23604
    5.27558   -7.27538   -7.97778
    3.48824   -5.44606   10.08372
   -1.80794    5.07652    9.39651
    3.95254    1.08857    7.30047
   -8.06295    4.24398   -3.47033
  -10.96095  -12.49797   -7.95426
  -11.47654   -7.44431   -0.48052
    2.57746   10.88836   -8.31351
   -9.76184    6.44237    2.57003
   -7.79068   -2.63853   -3.02916
    1.77125   -1.83523   -5.87447
   -2.36208    0.84796    8.04238
    0.39163   -3.54912   10.10194
    1.45008   -3.47757    0.58360
    9.08848   -2.72272  -10.47576
   10.91238   -3.28594   -4.42055
   -4.36267    9.22733   -1.21465
   -6.26772   12.34240    0.88938
    2.65080   -9.60509   -2.12167
    4.01989   10.44691  -11.29885
   -4.60785   11.34007   -4.91200
   -1.31620   11.45533   -7.67885
    5.28308   -9.09061  -11.14335
    4.90979    6.47932   -9.56698
    5.02304    1.30296    3.26263
   -6.33813   12.96406    8.07405
   12.36793   -5.77245    3.00431
    0.92020   -1.00612    7.63869
   10.21671    9.64077   -9.00904
   -7.49373   10.38736   -3.48103
  -11.54020    2.17941   -3.72315
   -0.61626  -12.91585    3.59562
   -6.77057  -12.02596   -8.38105
   -4.90270    1.37727    0.95730
    3.49435   -8.81331    4.31532
   12.17918   11.26079    1.82349
    7.01035   -7.45038   10.80661
    7.18829    5.70324    4.31700
   -9.38419   -6.04325   -3.67103
    5.65747    8.94344    0.57765
    6.10187    9.23932    5.46292
   -8.34547    1.18382    7.19821
  -11.98162  -12.27504  -11.57096
    3.72451  -11.80434   -4.84863
    1.40765   -5.97446  -12.62881
    3.69301   -3.59134    6.95143
    0.19198    1.26018   -7.74584
   -2.36401    7.69922   -5.19633
    0.53418  -11.50773   -6.53800
  -11.97478    3.95889    1.85289
   -9.94236   -5.97684    7.25588
   -6.69271  -10.94705   -3.74852
   -3.65757   -8.60273   -3.99062
   -3.59870    4.83580   -7.46950
   -8.83972   10.38708   -6.97864
    2.53502  -12.49944   12.95602
   -7.78873    4.74462    5.60521
   -3.41523   -1.88195   -2.05600
    0.78283    9.25386   -5.59865
   -2.64974   -2.53402    1.93572
   10.53209    9.30732   -1.46464
    5.54954   11.72311    2.41704
   -1.45644   -8.22205   -0.94128
  -12.96407    0.97290   -7.36819
   -1.14524   -6.91776   10.84230
  -10.86409   -8.95273    3.20198
   10.78846   -5.58414    8.57667
   -4.62917   -6.16456  -11.73449
   -5.58416    8.11232   -7.24676
    4.65151   -0.25127   -3.95904
    7.04353   12.53966  -10.92313
    7.68541    1.97787    5.48105
   -5.24980    5.96268   -4.27074
    4.42587    4.41166    9.90296
    3.36989    4.77697    5.88168
    6.71588   -0.96180   -1.04403
    8.54769    0.50971    1.82922
    6.56401  -10.63592    8.66401
    5.70048   -0.54913  -12.63737
   -8.06578   -2.72217    6.60445
    2.24221    8.22068   -2.21225
   -6.17822    0.45534   -2.15577
   -0.51517   -1.45089  -10.65064
   -8.75135  -11.26036   -0.60773
    4.05745  -12.13986   -9.09574
   10.68288   11.56036  -12.29616
   -4.99032   -6.73504    0.59860
    8.43856   -8.23872   -4.95001
    0.02123   -8.55157   -4.63555
    0.16888    6.56459    3.87698
  -12.90754    3.46999  -11.39924
    6.03180   -3.94811   -9.32065
   11.21425   -7.17701   -7.39659
   -3.97463   -2.41706   10.29150
    2.44672    4.03569   -8.85102
    9.77272   -9.36430    8.48479
    3.23268   -3.10308   -2.43761
   12.56858   10.88453   10.23841
    1.14677    9.83882    2.01346
   -1.73169   -4.88284   -0.79133
    2.42332   -3.00896   -9.22461
   -3.07227    0.64370   -8.92002
   -8.69010   -3.63451   -6.33676
    4.89501   -2.34014    2.18808
   10.94228  -11.17311   -4.63959
   -0.52232  -10.56535   12.25124
   -2.53256   -4.29235   -8.47944
   11.68404   -5.53872  -10.83401
   10.08639    4.14911   -7.17674
   12.32887   -1.24572    9.40883
   10.47224    4.71943    6.44847
   -4.18154   -4.47130    6.66637
   -0.73458  -12.27663   -3.02878
    1.02268  -10.45726    6.34745
    9.14751    5.84747  -10.20316
  -12.52451  -12.98505   -1.83959
  -12.17457   -9.49986   -3.06146
  -10.02935    6.33854    7.48012
   -1.95632   -8.55031    7.70248
   -9.18963   -1.30931    9.83216
    1.28787   -6.04060   -2.91782
    9.34291    0.38540   -3.72052
    1.82289    7.53535   -8.52590
    7.82195   -8.85534    4.71660
   -0.64033    0.60235    1.99804
   10.27705   -0.51735   -7.93563
   -2.56435   11.38446    1.07410
    5.33746   -7.11651   -3.15702
    9.02800    6.12149    0.43993
    7.24922    8.73385  -11.52007
   10.70812    3.57177   11.75067
   -8.29143   11.69569  -10.70497
    6.24676    4.08873    1.16988
    8.50932   -6.16997   -0.75532
   -7.82706   -7.55802  -12.88219
   -0.82451   -0.36651   11.17312
   -3.05121    1.35861    4.21610
#      x           y         z        (Step 3) 
   -0.88107   -2.59303   -3.48101
    5.26560   -1.56482   11.16635
   12.97886  -11.35385   11.23328
   -7.74941   -9.45902    5.33941
   -5.80911    2.49494   -5.87439
    8.96727   12.68444   -4.50508
  -11.58683   -3.34882    0.67662
    7.93992    7.51102   -5.92187
   -0.96938   -7.87901    2.95017
   11.46399    9.34136   -4.54766
  -12.40850    0.02200   12.36019
   -0.28246    5.70852  -12.87949
   11.14664   -8.39986   12.62334
   -6.20706    4.40835   11.10500
   -8.18500   -8.98987   -1.27622
  -10.22295    8.75356  -11.41767
    3.44979  -12.16833    0.95465
    2.74778    4.19246    1.41191
    9.67004   -6.08221    4.61535
    1.19728   -1.61889    3.75958
   -6.25270    1.37392  -12.05843
   -6.27402    0.83509   10.36079
   -3.34236   11.93867  -12.95321
    1.63210   -6.95059    0.27663
  -11.05759   -7.24215   -8.78828
  -11.93477   -1.71139   -3.51974
   12.69760   -4.11153   -7.27500
   12.16142   -3.36391   12.93341
   -3.33268  -11.73720   -5.85477
   11.36799    0.04314    5.30942
   12.93451   12.00308   -6.09821
    2.51641    0.54220    0.22704
  -11.72464    5.34705   11.39092
  -11.80183   12.89095    4.77865
   -6.30018   -5.56165   -2.98713
    5.64313   -4.18405  -12.51494
    5.13475   -7.39632    7.64064
   -7.18142    8.46063    5.17464
    5.29283    7.79636    9.36415
   -6.52702  -10.12643    2.04543
    4.42061    7.49647    1.85372
   -7.83130   -5.27736   -9.17940
   10.51225   -8.98779    2.29258
   10.24555   -0.77529   -0.06703
    1.04177    1.57150    5.32095
  -10.96830    9.99798   -1.35900
    8.42368   11.62373    1.92535
   -2.63880   -5.28842   -5.08543
   -6.04763   -1.91230  -10.66475
    5.39361    8.94533   -3.71183
    9.25051    6.64006   -2.85946
    8.05418    2.85310   10.49051
    3.21649   -9.16022   11.10582
   -9.42490    2.10077   12.54831
    8.57678   11.95002    5.47525
    6.72294  -11.02390   -6.22683
   -3.19205  -11.17608    1.59822
   -8.24679    6.86130   -4.63022
  -10.58067    9.46401    3.90683
   -8.49104    9.79753    8.45762
    8.31721   12.02976    9.15895
   -2.63268   -0.08559   -5.55215
   -4.95913    4.38269    3.88808
    7.23411    6.72028   12.12601
   -4.21872  -11.10170  -11.11596
    5.02914   -8.76343    0.62022
  -12.64155    9.43444   -8.83897
   -9.36999    3.17889    9.38681
   -2.79862   -8.28116   -7.28221
   -8.73043   -8.74724   -5.81026
   -8.86451    4.81370  -11.48178
   -3.77782    7.89449    5.43342
   -0.56830    1.69433  -11.65105
   11.59980    5.97254   -7.05189
    6.85555    3.38492   -5.07275
   -9.63087  -12.52841   -5.55699
   -3.26122    7.71995    0.97256
    3.50893   -8.36630   -5.92784
  -12.23479  -10.51040   -6.75235
   11.28702    3.44862   -1.28233
  -11.19731    8.75191   -5.00262
   -6.87530   10.62870   11.54216
    6.44552   10.08687   -7.52049
   -5.09827   -2.32912   -7.18552
   -6.34151    7.69627  -11.01708
   -6.79392  -11.02104   11.82872
  -10.07512    1.60161  -10.36130
  -12.58052    2.13320    9.48375
    5.89895  -11.70474   11.01659
  -11.92596   -4.04060    6.03047
   -1.89010    4.54768    1.78842
   -4.85673   11.32209   -9.64443
    6.84425  -10.20883   -2.59421
    3.45722   -0.91354  -11.87706
    4.45972    5.58615   -1.39818
   -1.90736   -6.99611  -10.92734
    7.99393   -9.87160   -9.36627
  -12.91946    0.56445    2.32214
    9.40836    9.29312   11.86885
   -3.37349    5.19053  -11.61743
    0.52267  -12.42641   -0.76907
  -11.11384   -0.29772    6.11288
   -3.01311  -12.03239   -1.92402
   -8.75280   -8.64676   10.13374
   11.90805   -9.09140    5.64726
   -5.73239   -5.17328    3.50423
    6.08177   12.43467   -1.49784
   -4.42212   -8.42009    5.19103
   -2.74253   -1.20841  -12.97501
   -8.24907   -4.73572    0.08196
   -0.88855   11.09993   10.66411
   12.83830   -9.82164  -10.28790
   11.27047   -9.09661   -1.19069
    8.83069   -4.51838   12.09410
    9.27032  -12.20741   -0.90707
    4.72094   -5.09101   -0.40548
   -5.50244   -1.14000    4.92361
    3.41016   -0.61585   -7.64863
   -3.13168    8.40186  -10.26027
   12.02316    8.19203  -11.92812
  -11.90002    6.35545    4.66823
   -7.11077    9.06108    0.58932
    5.66445    1.53886   -1.34163
   -2.04731   -4.75714    4.11112
   -7.30284   -5.23675    9.63669
   -9.15570    3.36975   -7.47085
   -4.78029   10.81080    7.42978
    1.33177    3.56924   -2.15754
  -12.64961    5.34568   -3.96229
   -5.58228    5.17893   -0.42298
    7.72514    4.99235    7.53136
   -1.08965  -10.48478   -9.58267
    2.53371    2.76195   -6.17246
   -1.47232   10.45630    3.84165
   11.46156   -5.32048   -0.19659
   -8.72790    7.50235   11.42208
    1.78934   -5.61974    4.44812
   -1.31441    9.43727    7.59773
    5.50966   -5.70991    2.93017
   12.43278   -6.82349   -4.45607
   11.88258    7.60349    9.24403
  -10.90732    0.65579   -0.69106
    9.17948  -11.11277  -12.74723
   -4.99181   10.53892    3.05022
    2.89169  -12.83066    4.73233
   -9.47974   -5.60300    3.56170
   -0.64002   -3.66036  -11.85356
  -10.69235    2.80507    4.83961
   -5.56667   -8.82623    8.79964
   10.99294    1.34963  -11.10038
   -2.00430    6.39832   -2.02511
    7.59798   -0.33089    8.52991
    5.70814    3.36133   -8.26184
   -3.99904   -8.89127   12.14418
   -7.51257    1.34014    4.18194
  -12.59080  -11.54409    0.45615
   -7.50516    0.17689   -8.09655
   -4.02741    8.31200   11.93659
   -2.02001    4.64014    5.59959
   -2.80268    2.18356   11.28757
    1.36440    0.25857   -3.54325
  -10.63651   -4.61913  -11.24449
    1.50886   10.07843    5.81641
    0.14362    5.67064   -5.69612
   -7.85354   12.52399    4.79669
  -10.35047   12.41327   10.08772
   -4.15843  -12.32064    5.25100
  -12.21052    7.58038    1.13109
   -8.87857    0.07241   -4.89534
    0.58667    7.40396    0.48834
   -1.02315  -12.63345    7.75706
    0.45678   -6.67527   -7.19628
   -6.76992   -2.69745   11.88081
   -4.04906   -1.06624    8.21910
    4.60714   11.57165    7.82860
   -4.70929    2.99651    8.02887
   -2.08519    3.21030   -4.01332
  -10.29915    6.47679   -7.83363
  -10.60202  -10.81451    7.37584
   -2.22404    0.23150   -1.89238
   -0.85597   10.10327   -2.35452
    8.63714    8.50595    7.71207
   10.85122  -11.99724    3.81134
    8.80520   -6.87336  -10.89953
    1.43306    4.24580    8.09110
   -9.39301   -1.50280  -11.83710
   -3.87570  -12.41211    9.82582
   -0.20498   10.70054  -10.69907
    2.87683   10.55327   -1.26429
   -5.65504   -6.09753   -6.44044
   10.33747    3.84490    3.67644
   11.43423  -12.47532    7.21014
   -6.16656    3.86781   -9.10463
    8.36322   -3.85194    1.54998
    7.49284   -0.35021   -7.84958
    2.35599    1.62826   10.91249
   12.65196   10.22282    6.66321
    5.50890    4.21791  -11.93828
   -8.84558   11.83163    1.34066
    2.60729   10.47455   11.35545
    6.08291   10.60831   11.98136
  -11.34979   -7.51655   12.92608
   -8.28192    2.99580    0.89317
    4.88397   -3.95393   -5.38520
    2.11821   -8.33336  -10.02397
  -12.61827   -8.17490    9.24339
  -12.92635   -1.48812  -10.04359
    9.22852   -3.87801   -6.86739
    1.24106    7.78538    9.69619
   -9.26269   -9.89848  -11.17375
    7.35415  -11.15556    1.62098
    7.12707   -2.36151    5.18190
   -8.71800   -1.85112    3.17884
    9.63077   -0.46222   11.62739
    7.50972   -4.62544    8.27098
    1.57259   -7.02879    8.09361
    7.84386   -4.85202   -2.14217
   -1.16006   -2.07499    6.16005
    3.48106    7.02935   12.66771
   -6.20202    7.04380    8.20430
    2.48884  -12.05488    9.46481
   -5.43286   -2.89150    0.36244
   -9.22007    6.76344   -0.78499
   10.50431    8.84887    4.34232
   11.14730  -12.14675   -8.25792
   -5.60097   -7.75749  -10.27021
    4.55305    6.09629   -5.51832
  -10.64364   -5.32282    9.88719
    5.49382   -6.94593   -8.80629
    3.49612   -4.68613   10.37656
   -2.55497    5.80303    9.30457
    4.27531    1.89944    7.57744
   -9.70874    3.70008   -3.11086
  -11.49432  -12.90960   -9.84268
  -10.88592   -7.14688    0.16277
    3.36883   11.95322   -7.86861
   -8.48467    6.19525    2.65588
   -8.14377   -2.59635   -2.83588
    0.98519   -3.35916   -6.26073
   -1.06836    1.80132    8.33017
    0.40437   -4.06186    8.51338
    0.87318   -3.28240   -0.25190
    8.78200   -2.95462  -10.60243
   11.06309   -3.46301   -3.65689
   -4.62034    8.86684   -1.92004
   -6.01719  -12.99852   -0.20380
    2.40481   -9.82800   -2.26153
    3.71245    9.89321  -11.18877
   -4.67323   10.85730   -4.77251
   -1.35597   11.87513   -7.49730
    5.21524   -9.39811  -11.95257
    5.17079    6.67460   -9.62457
    4.22022    1.35848    3.42781
   -7.31315  -12.56664    8.20019
   12.93477   -6.04021    3.11644
    2.09917   -0.81166    7.71532
   10.32845   10.41949   -8.06379
   -7.87476   10.77233   -2.65962
   12.84919    1.81532   -4.04614
    0.06481  -11.70004    3.12344
   -6.88127  -11.33206   -8.48527
   -3.95830    1.43480    1.10774
    3.43888   -9.38937    3.99033
   12.84628   10.85039    2.32069
    6.74636   -7.83145   11.09459
    7.52243    7.08761    4.09970
  -10.02528   -5.71511   -3.01837
    6.91727    8.10422   -0.56168
    4.89871    8.68802    5.82396
   -7.80693    0.05541    7.26823
  -12.61368   11.51966  -12.97713
    4.16435  -12.41123   -4.03093
    0.92448   -6.68209  -12.72736
    4.00710   -3.70401    6.87588
   -0.31876    2.19549   -7.92596
   -2.03263    8.59561   -5.51368
    1.50842  -10.96988   -6.96755
  -11.85369    4.03033    1.18017
  -10.66738   -7.52106    6.36096
   -6.38465  -11.76118   -3.39133
   -4.10128   -8.23334   -3.37129
   -2.51873    4.83411   -7.91828
   -8.04655    9.95831   -6.77481
    2.97422  -12.63099  -12.25562
   -7.66629    4.33174    5.76309
   -4.55872   -2.56337   -3.67081
    1.40140    9.88795   -5.66221
   -2.49430   -1.56862    2.41312
   10.24822   10.04793   -0.63104
    5.06218   11.28062    2.94003
   -1.40114   -8.98985   -1.06320
  -12.34761    1.31416   -7.61302
   -1.34812   -7.30959   10.74886
  -11.01874   -9.45652    3.70018
   10.82124   -5.44914    8.07260
   -4.44986   -4.91863  -12.18341
   -5.71486    6.95179   -7.42847
    5.24868   -0.01406   -4.95090
    6.33876   12.67671  -10.75708
    7.69689    1.65789    5.71208
   -4.83770    5.99892   -3.96378
    4.50437    4.40132   10.45371
    4.81647    5.16766    5.36498
    6.67056   -1.70275   -0.49957
    8.10724    0.44276    2.54196
    5.82072  -10.96217    7.59497
    6.79084    0.65069  -12.19285
   -8.70968   -3.31196    7.06068
    2.03324    7.65610   -3.00617
   -6.89893    0.37371   -1.18739
   -0.47069   -1.05186   -8.54506
   -9.64844  -12.08759   -1.40358
    4.51240  -10.86580   -8.66125
   10.08245   11.73198  -11.47598
   -4.94336   -6.86708    0.34393
    7.94392   -7.31578   -5.62589
   -0.35949   -8.72810   -4.37788
    0.68620    7.05358    4.22227
  -12.80072    4.38218  -11.00405
    5.40499   -3.16601   -9.13442
   10.95649   -8.07576   -7.67024
   -3.03503   -4.23110   10.98649
    2.16418    4.19494  -10.92033
    9.22317  -10.12607    9.20229
    3.31033   -2.40674   -2.85372
   11.92644   11.09004    9.99644
    1.54951   11.05907    1.68825
   -2.05377   -5.21127   -1.17536
    2.27052   -4.49184   -9.70704
   -3.87677    1.00780   -9.20552
   -9.91785   -2.80223   -7.31764
    4.21850   -2.08924    2.11869
   11.25650  -10.48984   -4.62474
   -0.14774  -10.06629  -12.89846
   -2.28897   -4.54774   -8.52722
   12.33434   -5.84003  -10.39427
   10.09952    2.57468   -6.99183
   12.30607   -1.54747    9.07452
   12.12232    4.11213    6.87083
   -4.71311   -4.20769    7.17840
   -0.25006  -12.60447   -4.20730
   -0.20597   -9.27507    6.23009
    9.54449    5.66291  -10.88072
   12.60120   12.33060   -2.63670
  -11.18566   -9.52674   -3.26406
  -10.02300    6.31934    7.76875
   -2.01441   -6.38180    7.26969
   -9.93221   -1.38171   10.34387
    1.47615   -5.68881   -3.27921
    8.53211   -0.82245   -4.14993
    0.82310    7.46847   -9.03913
    7.02074   -8.78720    4.69727
   -0.28962    1.67072    2.05218
   11.33164   -1.09917   -6.32211
   -2.49815   11.33589    0.64776
    4.89179   -6.86354   -3.23474
    9.77192    6.70711    0.93636
    8.12582    8.76259  -10.82733
   11.08871    4.34435   11.89399
   -7.86972   12.71916  -11.56492
    6.76260    4.09920    2.13313
    8.18815   -7.39242    0.12515
   -7.52316   -6.64038  -12.97097
   -0.19035   -0.80956   10.41289
   -2.80174    0.90826    5.31471
#      x          y           z        (Step 4) 
   -0.96114   -2.91168   -2.98425
    5.63689   -1.09712   11.77165
  -12.48715  -10.66713   11.91169
   -7.69095   -9.33377    6.06726
   -5.40123    1.15285   -4.73316
    8.71022   11.70107   -4.07061
  -11.64670   -3.30423    0.05742
    8.17095    7.10022   -7.19915
   -1.92364   -8.10286    1.61368
   11.34691    9.00282   -4.34795
   12.89377    0.48528  -12.90079
   -0.90457    5.99564   12.80564
    9.76646   -8.19807   12.96512
   -7.84986    4.51514   10.77568
   -8.81449   -8.97844   -0.85938
  -10.23995    8.42766  -11.84545
    3.89656  -12.63214    0.76522
    2.13110    4.41471    1.00971
    9.09713   -5.80870    5.25208
    2.05221   -1.26484    3.30117
   -6.52768    2.14992  -11.75342
   -6.25828    1.23891   10.41199
   -3.68571   12.99445   12.94102
    1.10763   -5.91191    0.04729
  -10.26918   -6.63535   -7.70222
  -11.87634   -2.33829   -3.91028
  -12.98735   -4.54813   -7.05535
   12.98793   -2.82794  -12.86162
   -3.57921  -12.23573   -7.03358
   11.57168    1.19232    6.11341
   12.82928   11.60140   -6.09378
    2.56444   -0.00607   -0.59573
  -12.14022    5.88097    9.60184
  -12.37645   12.93621    4.96050
   -6.38079   -6.04309   -2.47590
    5.73839   -4.47781  -12.38460
    6.21440   -7.31476    7.26679
   -6.48702    8.34161    4.50850
    4.26626    8.49375    9.85398
   -8.51637  -11.63005    1.80849
    4.15207    6.89918    2.05190
   -7.21688   -4.55991   -9.46833
   10.65213   -9.20115    1.65869
   11.72775   -1.15080   -0.85383
    1.30306    2.34111    4.89778
  -12.06495   10.27434   -1.54237
    9.09925   10.66546    2.37513
   -2.85174   -5.32166   -4.72386
   -5.99205   -1.31020  -10.65066
    6.50638    8.63696   -3.83927
    8.88267    5.36747   -1.53755
    8.22520    2.89106   10.56505
    3.70599   -8.34803   10.97833
  -10.10025    1.99272   12.50061
    7.69922   11.22333    5.88440
    7.76810  -10.80834   -5.82472
   -3.93262  -11.40911    2.01373
   -7.45308    6.86138   -4.50103
  -10.05321    9.21142    4.87222
   -8.55424   10.44491    7.51537
    8.52815  -12.71388   10.62494
   -2.50657   -0.74758   -5.81163
   -4.61945    5.61890    3.37515
    7.17408    6.19547   12.91847
   -5.82212  -10.98906  -10.26089
    3.38789   -8.82608   -0.00418
  -12.91345    8.66866   -8.42726
   -9.57790    2.62119    8.19499
   -2.38582   -8.38873   -7.95103
   -9.08766   -8.03306   -4.57469
   -8.71276    5.46331  -10.34978
   -2.47268    7.97355    5.42928
   -0.76316    0.52523  -11.39857
   12.15382    6.13856   -6.37455
    7.37242    3.83706   -4.87712
   -9.50034   12.61624   -5.59851
   -3.34678    8.42019    1.58012
    4.03123   -8.77446   -5.35218
  -11.10411  -10.13873   -7.97302
   10.59554    2.46391    0.59559
  -11.12961    8.41708   -4.70397
   -6.50287   11.26494   11.25660
    5.97191    9.82872   -7.61021
   -5.78127   -2.57416   -6.45445
   -6.02388    8.93172  -12.07867
   -7.27994  -10.51031   12.63039
  -10.81170    1.05526   -9.47305
  -12.68293    1.61856    9.73119
    5.39891  -11.58790   11.57539
   11.50889   -2.62553    4.95719
   -1.03473    5.57260    2.39595
   -5.08160   11.53271   -9.17357
    6.36558   -9.99443   -2.22989
    3.13914   -0.79691  -11.34579
    4.99735    5.08958   -1.07222
   -1.16014   -6.94071  -11.18360
    8.62436   -9.45224   -8.89881
  -11.81764   -0.25838    2.95134
    9.42163    8.75135   11.91780
   -4.10783    5.31251  -11.37503
    0.95362   12.14855   -0.99949
  -10.21585   -0.34698    6.09036
   -3.37501   12.64480   -2.87250
   -9.93502   -9.01536   10.42816
   11.85101   -8.22657    6.26212
   -6.13918   -5.05138    3.00292
    6.74614   12.67066   -1.33908
   -4.52541   -8.01544    4.26977
   -3.64953   -0.79266   12.52851
   -8.45058   -5.04481    0.47937
   -0.80308   10.73175   11.57103
   12.29974  -10.00679  -10.46260
   10.09386   -9.36684   -2.57931
    9.93690   -4.48255   11.44775
    9.74141  -12.27484   -0.00827
    4.44951   -4.87037    0.61975
   -5.65299   -1.75863    4.41768
    3.38687   -0.94493   -7.73714
   -1.60207    8.69517  -10.79021
   11.94947    6.90772  -11.53071
   12.61117    6.45630    5.28967
   -7.07350    8.55993    0.48403
    7.10263    2.14910   -0.96272
   -2.47012   -4.67331    3.23786
   -7.21214   -6.07097    8.88709
   -7.93201    3.52425   -5.33537
   -5.33135   11.14940    6.24096
    1.71159    3.39302   -2.61715
   12.00160    5.43282   -3.06518
   -4.25748    5.91367   -1.12195
    6.73133    5.35978    7.74151
   -0.97006  -11.22227  -10.23302
    2.64542    2.95759   -5.94808
   -1.89252   11.67279    4.31771
   11.01062   -5.74408   -0.18265
   -9.55927    8.58876   10.71653
    1.32787   -5.69092    4.11273
   -1.38380   10.14223    7.89273
    5.49605   -7.07560    3.33703
   12.72684   -7.37951   -4.60993
   11.09279    7.67463    8.41329
  -10.49146   -0.03201   -0.87958
   10.10544  -11.77298  -12.52683
   -5.75736   11.26329    2.71699
    3.92387  -12.77291    4.63682
   -9.26676   -6.72538    3.90511
   -1.17219   -3.30002   12.51593
  -11.48132    3.02958    4.46151
   -4.83286   -9.19407    8.30633
   10.86613    1.65558   -9.80289
   -0.84943    5.90270   -2.16021
    8.51559    0.05781    7.74104
    5.61752    3.09189   -8.40363
   -3.39860   -9.43180   11.61846
   -7.72282    1.47089    2.54610
  -11.81756  -11.41685    0.69643
   -7.83557    0.39799   -7.67687
   -3.67589    8.88812   11.09085
   -1.03196    4.99793    5.98024
   -3.52849    2.92589   12.12619
    1.21590   -0.27987   -4.87478
  -10.49288   -4.56512  -10.70993
    2.18151   10.37549    6.96023
    0.32706    6.17492   -5.48669
   -8.22532  -12.73999    5.15645
  -10.69703   12.36946   10.27512
   -4.64599  -11.65238    5.66686
  -12.21337    8.21116    2.24576
   -9.16095    0.20621   -4.11877
    0.76115    8.32924    0.05461
   -0.13223  -12.32917    7.26968
    0.65103   -6.82911   -7.56249
   -6.55167   -2.36580   10.42927
   -3.50029    0.14611    8.66553
    5.11089   11.95833    8.27598
   -4.47091    3.70766    7.93631
   -1.15921    2.63099   -4.72765
   -9.70366    6.30615   -7.39335
  -11.84749  -10.69360    7.68006
   -2.76808    0.35866   -2.46763
   -1.00586    9.93717   -3.06673
    7.36990    9.00867    8.54699
   10.49924  -12.38225    3.38128
    8.16509   -5.96020  -10.30608
    2.47181    5.09123    8.23357
   -9.10608   -1.78243  -12.77170
   -3.21247  -12.50950    9.31015
    0.93543   11.21605  -10.96190
    3.97327   10.37797   -1.66915
   -5.62112   -6.71486   -7.01595
    9.73960    3.62831    3.75830
   10.35824  -11.36948    7.81852
   -5.43502    3.95218   -8.24836
    8.76522   -4.15205    2.13290
    7.01991    0.13877   -6.28211
    2.52461    1.89695   11.36787
  -11.94897   10.15868    7.76532
    5.89421    3.01254  -11.93128
   -9.80558   10.98309    1.67924
    2.74392   11.15692   11.25682
    6.41479   10.71703   12.14481
  -12.25358   -6.52888   11.91001
   -7.50228    4.11171   -0.80062
    5.31900   -4.00549   -5.59469
    2.45281   -7.70698  -10.59598
   11.91987   -8.52872    9.65570
   12.73900   -1.57077   -9.65490
    8.69423   -3.33704   -7.34107
    0.83823    8.11525    9.96836
   -9.66489   -8.97588  -11.10976
    6.99561  -11.87414    2.50035
    7.94467   -2.11284    5.18500
   -8.82960   -2.22227    2.75441
    9.66095   -0.96033   11.69161
    7.86972   -3.95805    8.50775
    2.46432   -8.77418    7.58238
    7.39266   -5.04853   -2.08208
   -1.72805   -2.34917    6.23584
    2.82700    6.49411  -12.29700
   -6.43334    7.85621    8.62878
    2.67061  -11.64283    9.35983
   -4.58912   -2.89536    0.48188
  -10.05340    7.07251   -1.14275
   11.71345   10.30824    4.96099
   10.26794  -12.72744   -8.84534
   -6.06102   -7.45704  -11.06065
    4.54327    6.56789   -5.93761
  -10.81394   -3.86402    8.88536
    5.16602   -6.00941   -8.86477
    4.06377   -5.32655    9.27282
   -2.18227    6.38891    9.22262
    5.45649    1.40721    8.18703
  -10.60709    3.58990   -2.79805
  -12.05332   12.61337   -9.65027
  -11.95221   -7.84709   -0.12170
    3.36285   12.44740   -8.19165
   -9.65608    5.55647    2.74146
   -8.51201   -2.81398   -2.34278
    1.34278   -3.70170   -5.83450
   -0.73956    2.99299    8.91773
    0.48758   -3.80253    8.62832
   -0.00012   -1.87937    0.40442
    9.52679   -2.84176  -11.01248
   10.77948   -4.32795   -3.62770
   -4.68158    9.02188   -2.25415
   -6.05406   11.88894   -0.80456
    1.91406  -10.45296   -2.60252
    4.10349   10.01701  -11.22673
   -5.59974   10.50295   -5.37271
   -1.24652   10.24232   -7.69197
    5.84349   -9.19195  -11.71835
    5.33807    6.72406   -9.48982
    4.68496    1.72816    1.95141
   -7.81138  -11.92362    8.61936
  -12.78014   -5.39540    2.83846
    2.39575   -0.32502    7.44443
    9.65522   10.29622   -7.36942
   -8.32696    9.99525   -2.77947
   12.64428    1.74515   -3.25917
    0.38776  -12.15946    2.74033
   -7.61264  -10.39617   -7.17054
   -4.39998    2.05850    0.92268
    2.92433   -9.26733    3.90969
   12.36317   11.04437    1.29410
    7.20422   -6.57290   10.88083
    8.10595    7.64225    4.70228
  -10.94361   -5.73988   -2.79411
    6.89176    8.46215    0.41550
    4.86808    8.38285    6.15877
   -6.57843    0.71034    6.40019
  -12.49540    9.65500   11.90604
    4.66873  -12.27521   -4.36958
    2.31026   -5.20567   12.12575
    4.63818   -3.09278    6.08650
   -0.23800    2.36224   -8.08872
   -2.76062    8.08233   -5.41869
    1.20249  -10.47264   -7.58166
  -11.83958    2.86179    0.46159
  -11.17853   -7.10330    7.62734
   -6.65078  -11.67230   -3.66336
   -4.22790   -8.92719   -2.16052
   -1.99812    5.53526   -8.27115
   -9.50454   10.04418   -8.40943
    2.76343  -11.89601  -11.72236
   -7.30615    3.94345    4.96533
   -4.78661   -2.70913   -3.07851
    2.44501   10.06591   -5.27427
   -1.82047   -0.38549    3.40663
   10.85378    8.60805   -0.77752
    5.50224   10.32997    3.28076
   -1.31158  -10.73852   -0.94986
  -11.33664    2.96123   -6.28678
   -0.04212   -7.75033   10.56500
  -11.62775   -9.65177    4.10133
   11.87845   -5.07493    7.93356
   -4.69864   -4.93837  -12.74046
   -5.42291    8.11852   -8.28252
    4.57872   -0.78887   -3.84167
    7.12406   12.88861  -10.38904
    7.24085    1.26173    4.79637
   -4.26906    4.89333   -4.77678
    4.94363    4.70958   11.00299
    4.31098    4.09208    5.31972
    6.11555   -2.04707   -0.69103
    8.23583    0.16815    1.77788
    6.05167  -10.92038    6.88502
    7.72491    0.35091  -10.68342
   -8.15979   -3.70274    6.08792
    2.42983    7.29683   -2.92430
   -6.44390   -0.32402   -1.03977
   -0.57499   -2.20324   -8.28995
   -9.48490   12.99444   -1.84475
    5.09304  -10.26943   -8.55683
   11.09569   10.77016  -11.49611
   -5.87687   -7.82091    0.91290
    8.50883   -6.81974   -5.43418
   -1.72001   -9.84604   -4.65854
    1.33239    7.51305    4.85588
  -12.25123    4.33080   -9.92582
    5.78674   -2.58993   -9.36262
   11.66591   -8.14982   -7.70124
   -3.35016   -3.59034    9.37830
    1.79977    2.94955  -11.24801
    8.36601   -9.20287    9.19272
    2.44369   -3.36732   -2.27564
   10.95354   10.92231    9.23922
    2.02209   10.46125    2.69315
   -2.88864   -5.61038   -0.73281
    2.23938   -4.07767   -9.80760
   -3.35891    0.00955   -9.29037
  -10.03119   -2.72202   -7.77451
    5.37162   -2.08365    2.73305
   11.23415  -11.20997   -5.60543
   -0.11810  -11.02305   11.94213
   -2.98312   -4.95831   -8.42944
   12.54447   -6.17887  -10.69721
   10.64779    2.94366   -6.22586
   11.87362   -1.79934    8.98822
   11.46605    4.09798    7.88209
   -4.69650   -5.06150    6.20251
    0.30665   12.86485   -4.63512
   -0.74097   -9.20181    4.96958
    9.18811    5.01421   -9.79137
   11.50728   12.56856   -2.50701
  -12.07250  -10.72031   -3.76140
   -9.58930    6.23210    6.56877
   -1.45659   -6.58274    7.34189
  -10.00854   -0.71682    9.63667
    0.28009   -6.69931   -3.15033
    9.04669   -0.26897   -3.19506
    1.80596    8.04513   -9.09061
    8.35399   -9.34998    4.98987
   -0.57480    1.95601    0.98344
   11.71796   -0.40410   -6.30321
   -2.40541   11.64245    0.34951
    4.23583   -6.93861   -2.46330
   10.49464    6.37694    1.89436
    8.40531    8.61443  -10.69211
   11.85123    3.68144   12.49230
   -8.38863   12.53715  -11.18888
    7.46250    4.74393    1.46737
    7.37613   -8.00319    0.47970
   -8.64382   -5.78297   12.85777
   -0.08795   -0.32060   10.08799
   -3.17529    2.18179    4.90842
#      x          y          z      (Step 5)
   -0.41944   -3.70386   -3.48702
    5.73753   -0.88318   11.07404
  -12.88377  -11.77112   12.68221
   -7.39429   -9.19293    5.05899
   -5.67144    0.06564   -5.55251
    8.12630   12.17467   -4.29702
  -12.36960   -4.34418   -0.63038
    9.64451    5.71742   -7.18802
   -1.82702   -8.88432    0.43828
   11.58443    8.60259   -4.16484
   12.18499    1.67020  -11.80313
   -0.44078    4.87093  -12.26134
   10.46584   -9.06179   12.80872
   -8.97446    4.80561   11.02592
   -8.41939   -9.07455   -1.37646
  -11.40492    7.88317  -11.77188
    3.33931  -12.39278    0.76222
    2.43721    4.70852    0.56484
    9.79230   -5.79396    4.63978
    1.83909   -0.91808    3.39017
   -5.65125    2.45588  -11.37573
   -7.16730    1.05646   10.84420
   -3.05514  -12.95522  -12.44234
    0.54009   -5.97946    0.25227
   -9.93842   -7.32359   -7.51758
  -11.97922   -1.88301   -3.02994
  -12.03635   -3.91171   -6.52946
   12.65780   -2.46174  -12.93370
   -4.10723  -12.82414   -7.57905
  -12.85674    1.21878    6.89211
   12.66409   11.68691   -6.17544
    2.78841    0.61824    0.11023
  -12.12351    5.22127   10.02237
  -12.38639   12.41177    5.10985
   -5.85758   -5.53921   -1.47782
    5.42858   -3.51175  -12.21625
    7.16941   -5.77807    7.05195
   -6.58434    7.46239    4.38497
    4.06012    8.65648   11.69134
   -8.82870  -10.77414    1.67962
    3.52816    7.57984    2.71781
   -7.46540   -4.05033  -10.42672
   10.84196   -8.44057    2.32445
   10.48436   -2.19409   -0.84165
    1.28793    2.84194    3.88610
  -11.68032   10.06060   -2.52963
    9.14956   11.29561    2.76968
   -3.08763   -6.63205   -5.56271
   -6.35486   -1.10626  -11.85091
    6.60295    7.64660   -3.89258
    9.02477    4.73299   -2.70007
    7.78001    2.01677   10.82332
    3.69553   -7.73349   11.22584
  -10.14444    2.45404  -12.63541
    7.37166   12.22992    5.60785
    6.32706  -10.36963   -5.44218
   -3.53356  -11.54916    2.42677
   -6.66606    6.96498   -4.27693
  -10.02422    8.29390    3.83127
   -8.31988   11.21585    8.01026
    7.49459  -12.20050    8.97718
   -1.94668   -1.88432   -6.20668
   -4.81210    4.83628    2.04399
    6.61194    6.17878   12.25052
   -5.48902  -10.77589  -10.41546
    3.22822   -8.36874    0.99082
  -12.83885    8.12744   -7.87984
   -9.76369    3.00813    7.98262
   -2.46740   -9.34691   -8.10881
   -6.37296   -8.03239   -4.47461
   -8.04461    5.18487  -11.54267
   -3.49851    8.70864    5.34194
   -0.85524    1.18245  -12.12863
  -12.05214    5.71840   -5.14484
    6.39433    3.92230   -5.24371
  -10.43766   12.95688   -4.78781
   -2.42167    7.96843    1.81287
    3.34460   -8.58061   -5.16876
  -12.08058  -10.81728   -6.63584
   10.03037    2.46644    0.45298
   -9.79880    9.01870   -5.29172
   -6.81622   11.79066   10.76367
    5.46760    9.44718   -7.31245
   -6.07003   -4.37191   -5.85298
   -7.02094    8.34294  -12.71381
   -6.74656  -10.83266   12.05547
  -10.74771    1.02089   -9.37077
   12.40841    1.94465   10.71962
    5.26655  -11.07977   11.67707
   11.30983   -2.07460    5.65693
    0.42240    6.04585    3.12174
   -5.69019   11.34772  -10.12466
    5.18646  -10.50825   -1.70691
    3.92669   -0.37269  -10.52369
    5.57316    4.49533   -1.64438
   -2.00662   -5.96609  -11.90151
    8.44152  -10.59886  -10.43957
   12.82690    0.54390    3.13877
    9.87841    8.91465   12.04206
   -4.02395    5.65368  -12.16199
    1.13887   12.06069   -1.52859
  -10.03441   -0.12667    4.85148
   -2.52306   11.81955   -4.66848
   -9.87699   -9.26921   10.40727
   11.87845   -8.33826    5.81020
   -5.92113   -4.45445    1.88880
    7.39788   12.52741   -0.78863
   -4.09109   -7.80223    4.56938
   -4.11050   -0.63810   11.60635
   -9.12708   -6.14457    0.34285
    0.48734    9.07959   12.76181
   12.31382  -10.02624   -9.95984
    8.45020   -9.20941   -2.70539
   10.13645   -5.76748   11.41353
   10.01014  -11.27478   -0.09521
    4.37002   -4.72387    1.17626
   -4.38405   -1.01177    5.32663
    2.77781   -0.14339   -7.11036
   -2.24063    8.43128  -10.92715
   11.35054    6.84839  -10.80892
   12.99157    6.09133    5.41644
   -6.18104    8.32502    0.98308
    6.41985    1.42285   -0.20955
   -2.26422   -5.41557    2.24555
   -7.76739   -6.33939    7.30136
   -7.84756    3.42021   -5.04302
   -4.83492   11.52126    7.55552
    2.54826    2.95046   -2.86002
   12.23450    6.69158   -1.54985
   -4.31822    5.69915   -1.18440
    6.67814    5.00468    8.84141
   -0.58513  -10.00068  -11.22921
    2.44772    3.28531   -6.23847
   -1.99642   12.01881    4.43727
   10.37242   -5.61551    0.31630
   -9.11678    8.95529   10.48714
    1.97773   -5.92687    3.40781
   -1.58464   11.86707    9.37867
    5.90392   -6.71387    3.49311
   11.72964   -7.06905   -3.69483
   11.35194    7.71442    8.33250
  -10.60038    0.36526   -0.78348
    9.58514  -12.76375   12.44471
   -5.32351   11.08833    3.27875
    3.91834  -12.65883    5.48371
   -8.94939   -5.61563    3.94884
   -1.76395   -2.38283  -12.54600
  -10.86261    3.33663    4.42417
   -4.68255   -7.68205    8.49002
   12.04067    2.60535   -8.44829
   -1.01954    5.15125   -2.02081
    9.06432    0.39875    7.75620
    5.55953    2.34206   -8.19282
   -3.79089   -8.72656   11.76731
   -8.00681    1.41823    1.75622
  -12.27665  -11.22048    1.66082
   -7.66565    1.16342   -8.44779
   -3.90624    9.78957   11.35450
   -2.27118    5.03093    6.25740
   -3.38411    2.93794   11.04711
    1.33518   -0.30098   -3.97482
  -10.98136   -4.82121  -10.73921
    1.77608    9.49026    9.12799
    0.54766    5.87331   -5.42449
   -8.40382  -12.69255    4.99392
  -11.04933   12.16490   10.76630
   -4.39966  -11.43727    5.67806
  -12.03110    6.87034    1.56839
   -9.48053    0.16851   -4.61277
    0.93180    8.50641   -0.03758
    0.26663  -11.48699    5.67427
   -0.22261   -6.11989   -8.15957
   -6.79449   -3.10553    8.61377
   -2.98623    0.73828    7.94826
    4.94121   11.23161    9.04066
   -5.54099    3.66397    8.19674
   -1.17960    2.64546   -4.54108
   -8.68677    6.50395   -7.63045
  -10.48358  -11.56253    7.89882
   -2.58780    1.08818   -1.95343
   -0.53343    8.80330   -3.52428
    7.77068    9.11299    8.81422
   10.97532  -11.75676    4.01584
    7.43999   -5.94126   -9.63131
    1.19795    5.56295    6.83850
   -8.76772   -2.52812   12.05683
   -3.97238  -11.79253   10.08466
   -0.39738   11.16105   -9.50993
    4.03691    9.76604   -0.71061
   -6.03068   -7.15070   -8.43801
   10.68574    2.50703    4.76819
   10.86093  -12.16955    7.56045
   -5.99301    4.22830   -8.43220
    7.87776   -3.87457    2.37514
    8.53171    0.01179   -6.97802
    2.62043    0.91392   12.06189
  -11.41083    9.74618    7.10946
    5.82268    2.97096  -12.04112
   -8.36181   11.12975    1.71956
    2.65110   12.15174   12.56280
    6.80281   10.75326   12.28697
  -12.37429   -6.20114   11.55476
   -7.29987    4.06571   -0.59132
    7.23507   -2.88926   -4.68208
    1.97740   -7.05252  -11.62014
   12.65424   -9.25702    9.85491
   12.94657   -1.88888   -9.46766
   10.19659   -3.75209   -7.62976
    0.91201    6.63924   10.30828
  -10.40648   -8.76367  -11.96506
    7.08228  -11.52381    2.54905
    7.95980   -2.80011    5.80004
   -9.08576   -2.77686    1.30879
    9.78343   -0.50579   11.51805
    8.82143   -2.89005    9.22063
    2.96674   -6.55026    7.37913
    8.06226   -5.80470   -2.48565
   -0.37506   -3.23577    5.25407
    2.65882    6.41294  -11.99517
   -6.39649    8.06110    8.10367
    2.15033  -12.39790    8.59333
   -3.94334   -1.65410    0.90960
   -9.90661    6.80291   -1.96692
   11.36612    9.70252    4.58131
   10.33724   12.50261   -9.17148
   -6.24102   -7.15326  -11.88359
    4.32520    6.19064   -6.84477
  -10.40085   -4.00959    9.19914
    3.94893   -7.03326   -8.44056
    4.47616   -3.86792    8.83929
   -3.48713    6.37871   10.46850
    3.57208    1.89018    8.47949
  -10.14805    3.35461   -2.42803
  -11.46076   12.87891   -9.44288
  -12.47577   -7.88765   -0.28689
    3.51523   11.97311   -8.30426
   -9.09101    5.50985    1.90831
   -8.33564   -3.55880   -2.66441
    3.14458   -3.56289   -5.62943
    0.17464    2.92264   10.12056
    0.93503   -4.19800    8.88513
   -0.47400   -2.52777    0.20480
    9.40042   -3.48099  -11.69724
   10.80208   -3.48433   -3.99676
   -3.64592    9.17346   -2.43008
   -5.90031   12.27698   -0.32301
    1.57446  -10.97242   -3.04518
    4.45975    9.70523  -10.87394
   -6.29426   10.30012   -5.45745
   -1.75999    9.10264   -6.95213
    5.74714   -8.30716  -11.91880
    5.85270    5.89232   -9.90771
    4.88162    2.63443    2.95588
   -7.18833  -10.80099    8.53812
  -12.55259   -5.10251    2.78887
    1.55265   -0.72627    6.75888
    9.51366    9.10021   -7.28441
   -7.93922    9.95839   -2.42269
   12.50054    1.31882   -2.47965
    0.05562  -11.61964    1.89374
   -7.67595  -10.40460   -6.93290
   -4.81922    1.64889    0.90694
    3.20407   -9.02404    5.11381
   12.97926   10.97252    1.16632
    6.63197   -5.98505   11.25927
    8.58622    6.99301    6.04691
  -10.12359   -6.48418   -4.07022
    7.21191    7.55395    0.15038
    4.35615    7.82966    7.07481
   -6.95649    0.52564    7.11377
  -12.50834    8.71300   10.90633
    3.89560   12.02786   -3.68384
    2.05861   -4.00472   12.49231
    4.16359   -3.38274    5.15987
   -0.67612    1.90581   -8.48114
   -3.31077    6.59034   -5.28453
    1.26876   -9.31957   -8.03999
  -12.27366    3.44059    0.69208
  -11.13890   -7.55662    7.50811
   -6.65339  -12.51524   -3.89040
   -4.88334   -9.80434   -1.79064
   -1.42090    5.58351   -8.58848
   -8.68392   10.12410   -8.59202
    2.35656  -11.76185  -10.74777
   -7.69751    3.79420    5.01138
   -4.34935   -2.70719   -2.67563
    2.48634    9.09955   -5.45118
   -1.83808    0.61419    2.83714
    9.84140    9.70781   -0.98946
    5.31516   10.68651    2.52055
   -1.69641  -11.57188   -1.79522
  -10.82804    2.69750   -6.46267
   -0.54755   -7.54952   10.90686
  -11.07589   -9.88480    4.54336
   11.55714   -5.36572    7.79602
   -5.10123   -4.18228   12.26940
   -5.21676    7.84085   -8.24330
    5.40975    0.86292   -3.99667
    5.86159   12.98118  -11.30353
    5.39602    0.10129    5.53675
   -4.44740    3.39227   -4.34306
    3.63380    4.25940   11.00315
    4.82158    4.22171    6.13353
    6.28083   -2.64319   -1.04692
    8.33848    0.50528    2.93784
    5.12874   -9.72424    7.81875
    7.91752    0.18242  -10.55250
   -7.09637   -2.83289    4.76622
    3.08582    6.53131   -2.94847
   -6.72595   -0.38436   -1.42113
    0.13717   -2.09194   -9.67459
   -9.60672  -12.76841   -1.18605
    5.19594  -10.36434   -8.92189
   12.28940   10.89963  -11.90200
   -5.25119   -7.71189    1.05868
    7.68775   -6.84449   -6.06722
   -3.59198  -10.25091   -4.92854
   -0.15398    8.98493    6.18285
  -11.47101    4.94770   -9.19310
    5.82285   -3.04302   -7.94566
   11.87956   -7.46092   -7.19706
   -3.46206   -3.36502    9.22882
    2.04012    3.29634  -10.09119
    8.53905   -8.36056    9.32538
    2.87041   -2.70329   -1.91995
   11.24221   11.10903    9.71002
    1.11384   10.68441    2.94841
   -2.47009   -6.18415   -1.83277
    2.82868   -4.16464   -9.62977
   -3.68059   -0.30268   -9.42247
   -9.15297   -1.88567   -7.94714
    5.31454   -1.27858    2.21063
   10.39085  -10.62546   -5.40373
   -0.74393  -11.44256   11.44482
   -3.15759   -4.29582   -9.09550
   11.77850   -5.98279  -10.30910
   11.02486    3.27981   -5.04421
   12.55615   -2.01708    9.32476
   10.12339    3.68171    7.96343
   -3.98889   -4.65651    6.15103
   -0.05527  -12.86558   -6.59988
   -0.37847   -8.44732    3.84737
    8.89150    3.89322  -10.35397
   11.90124  -12.80857   -2.76767
  -11.75781   -9.67693   -3.18677
   -9.35279    6.42450    6.77333
   -1.19357   -6.60929    6.99538
  -10.60024    0.06346    9.94728
    0.70977   -7.25401   -3.17549
    8.96073    0.26531   -2.65030
    2.10010    8.17872   -9.18086
    7.99597   -8.80756    5.61776
   -0.13244    2.19090    0.14985
   12.11885   -0.61769   -6.14514
   -1.83719   11.36835    0.19213
    4.52629   -6.33474   -2.28022
   10.47652    7.28277    2.06525
    7.87200    8.76842  -10.54128
   10.36446    5.01860   11.67054
   -8.68204   12.20266  -11.99519
    8.45435    4.52230    2.93976
    7.51599   -8.44307    0.72670
   -8.89792   -6.22692   11.55972
   -0.68297   -0.42882   10.64195
   -4.13725    2.52938    5.09841
